## archaea
160232 160232 225 255 225 #
54255 399549 195 210 195 #
190192 410358 225 255 225 #

## eukaryotes
185431 759128 255 225 225 #
227086 227086 210 195 195 #
3702 70448 255 225 225 #
242046 357351 210 195 195 #
297386 297386 255 225 225 #
219168 507731 210 195 195 #
4889 4837 255 225 225 #
423478 423478 210 195 195 #
284590 205645 255 225 225 #

## bacteria
38322 227600 220 220 255 #
224324 224324 190 190 210 #
351627 185693 220 220 255 #
216389 216389 190 190 210 #
251221 630634 220 220 255 #
271 309886 190 190 210 #
42256 282685 220 220 255 #
406984 406984 190 190 210 #
81028 149613 220 220 255 #
347257 81460 190 190 210 #
305088 305088 220 220 255 #
315457 377431 190 190 210 #
146919 85831 220 220 255 #
959 29546 190 190 210 #
387092 374106 220 220 255 #
156889 156889 190 190 210 #
784 174439 220 220 255 #
349124 54272 190 190 210 #
29581 596320 220 220 255 #
414 29488 190 190 210 #
