GOUB1327.b1	204_phocryp	31.52	184	120	3	550	17	13	196	1e-27	 117
GOUB1327.b1	193_phocryp	28.79	198	138	3	595	11	1	198	7e-26	 111
GOUB1327.b1	183_phocryp	32.07	184	123	2	595	50	1	184	1e-25	 110
GOUB1327.b1	179_phocryp	32.37	173	116	2	520	5	28	199	3e-25	 109
GOUB1327.b1	212_phocryp	32.77	177	117	2	577	53	14	190	5e-24	 105
GOUB1327.b1	191_phocryp	32.95	173	114	3	526	14	29	200	7e-24	 104
GOUB1327.b1	225_phocryp	30.10	196	134	3	595	17	1	192	2e-23	 103
GOUB1327.b1	190_phocryp	29.74	195	134	4	598	23	3	193	2e-23	 103
GOUB1327.b1	200_phocryp	29.59	196	135	3	595	17	1	196	4e-23	 102
GOUB1327.b1	205_phocryp	29.19	185	128	3	595	50	6	189	8e-22	97.8
GOUB1327.b1	222_phocryp	28.80	184	129	3	595	50	1	180	2e-21	96.7
GOUB1327.b1	220_phocryp	27.36	201	138	4	598	20	47	247	4e-21	95.5
GOUB1327.b1	192_phocryp	27.27	187	135	1	595	38	11	197	2e-20	93.2
GOUB1327.b1	206_phocryp	28.43	197	135	4	595	23	1	194	5e-20	92.0
GOUB1327.b1	202_phocryp	29.89	184	125	4	589	50	4	181	6e-20	91.7
GOUB1327.b1	217_phocryp	29.02	193	134	4	592	23	13	201	8e-20	91.3
GOUB1327.b1	214_phocryp	27.27	187	134	3	592	38	5	188	4e-19	89.0
GOUB1327.b1	229_phocryp	29.74	195	133	5	586	14	3	188	9e-19	87.8
GOUB1327.b1	227_phocryp	29.61	179	122	2	577	53	13	186	9e-19	87.8
GOUB1327.b1	186_phocryp	29.32	191	133	4	580	14	7	194	3e-18	85.9
GOUB1327.b1	201_phocryp	27.78	144	103	1	472	44	44	187	1e-17	84.0
GOUB1327.b1	228_phocryp	29.52	166	117	3	514	17	31	188	5e-17	82.0
GOUB1327.b1	223_phocryp	29.45	146	98	3	469	47	44	186	5e-17	82.0
GOUB1327.b1	195_phocryp	24.87	197	146	2	598	14	4	200	6e-17	81.6
GOUB1327.b1	216_phocryp	27.22	158	112	2	478	14	43	200	2e-16	79.7
GOUB1327.b1	189_phocryp	26.09	184	135	1	592	44	13	196	2e-16	79.7
GOUB1327.b1	219_phocryp	26.63	184	133	3	595	50	1	180	7e-16	78.2
GOUB1327.b1	199_phocryp	28.14	167	118	4	514	20	44	205	2e-15	77.0
GOUB1327.b1	184_phocryp	23.86	176	132	3	523	2	32	203	6e-15	75.1
GOUB1327.b1	198_phocryp	24.84	161	120	2	526	47	21	176	2e-14	73.6
GOUB1327.b1	209_phocryp	24.19	186	138	3	595	47	1	185	2e-14	73.2
GOUB1327.b1	211_phocryp	26.28	156	115	2	472	5	41	190	5e-14	72.0
GOUB1327.b1	197_phocryp	26.86	175	127	4	568	47	24	190	1e-13	70.5
GOUB1327.b1	224_phocryp	25.26	194	139	5	580	17	22	206	2e-13	70.1
GOUB1327.b1	215_phocryp	24.37	197	143	5	595	23	1	191	2e-13	70.1
GOUB1327.b1	196_phocryp	23.61	144	109	1	472	44	46	189	3e-13	69.3
GOUB1327.b1	231_phocryp	22.46	187	140	2	589	44	7	189	5e-13	68.6
GOUB1327.b1	213_phocryp	26.58	158	114	4	505	38	32	186	7e-13	68.2
GOUB1327.b1	185_phocryp	22.96	196	147	4	595	20	1	194	4e-12	65.9
GOUB1327.b1	230_phocryp	20.83	192	151	4	595	23	1	187	6e-12	65.1
GOUB1327.b1	210_phocryp	26.32	171	124	5	514	8	60	207	2e-11	63.2
GOUB1327.b1	187_phocryp	24.83	145	107	2	478	50	95	239	5e-11	62.0
GOUB1327.b1	188_phocryp	27.27	154	110	6	472	17	36	162	7e-11	61.6
GOUB1327.b1	208_phocryp	22.61	199	145	6	592	23	6	189	1e-10	60.8
GOUB1327.b1	207_phocryp	19.73	147	116	2	478	44	48	194	1e-10	60.8
GOUB1327.b1	181_phocryp	26.62	154	109	4	472	23	41	190	1e-10	60.5
GOUB1327.b1	180_phocryp	24.31	144	104	2	466	50	59	202	1e-10	60.5
GOUB1327.b1	182_phocryp	28.19	149	102	5	472	41	41	182	2e-10	60.1
GOUB1327.b1	218_phocryp	21.93	187	144	2	592	38	4	189	3e-10	59.3
GOUB1327.b1	221_phocryp	20.51	156	122	3	481	20	47	197	2e-09	56.6
GOUB1327.b1	203_phocryp	25.86	174	127	6	523	8	39	187	2e-09	56.6
GOUB1327.b1	194_phocryp	27.03	185	123	7	532	14	15	191	4e-09	55.8
GOUB1327.b1	226_phocryp	24.43	176	131	5	523	2	24	175	2e-08	53.5
GOUB1327.b1	232_phocryp	19.01	142	113	2	472	53	79	220	2e-05	43.1
GOUB1327.b1	394221.Mmar10_2285	70.00	20	6	0	678	619	286	305	0.007	35.0
GOUB13802.g1	75_phocryp	36.27	204	130	2	686	75	57	258	2e-33	 136
GOUB13802.g1	112_phocryp	35.77	260	166	5	860	84	7	256	2e-32	 133
GOUB13802.g1	122_phocryp	34.92	252	164	1	815	60	19	269	7e-32	 131
GOUB13802.g1	175_phocryp	31.12	241	166	1	815	93	46	285	3e-30	 126
GOUB13802.g1	76_phocryp	33.70	273	179	5	872	60	8	275	7e-30	 125
GOUB13802.g1	25_phocryp	33.17	205	137	0	686	72	72	276	9e-30	 124
GOUB13802.g1	7_phocryp	36.18	199	125	3	686	96	61	258	2e-29	 123
GOUB13802.g1	23_phocryp	37.32	209	123	4	671	69	98	304	6e-29	 122
GOUB13802.g1	22_phocryp	35.38	212	131	3	686	69	91	302	7e-29	 121
GOUB13802.g1	14_phocryp	32.66	199	133	1	686	93	59	257	1e-28	 120
GOUB13802.g1	9_phocryp	36.09	230	143	3	749	72	40	265	6e-28	 118
GOUB13802.g1	82_phocryp	32.58	267	174	8	887	105	4	256	3e-27	 116
GOUB13802.g1	86_phocryp	32.85	207	137	3	686	72	65	270	5e-27	 115
GOUB13802.g1	130_phocryp	29.80	198	138	1	686	96	65	262	3e-26	 112
GOUB13802.g1	83_phocryp	35.56	225	143	4	737	69	49	271	2e-25	 110
GOUB13802.g1	30_phocryp	32.99	197	128	3	683	105	81	274	4e-25	 109
GOUB13802.g1	20_phocryp	37.83	230	137	4	731	60	9	232	6e-25	 108
GOUB13802.g1	17_phocryp	28.36	201	144	1	677	75	59	258	6e-25	 108
GOUB13802.g1	178_phocryp	32.51	203	132	2	686	93	60	262	1e-24	 107
GOUB13802.g1	142_phocryp	31.82	198	132	2	671	87	65	262	5e-23	 102
GOUB13802.g1	107_phocryp	32.14	224	147	4	731	75	61	271	5e-22	99.0
GOUB13802.g1	106_phocryp	29.85	201	140	3	683	84	61	255	7e-21	95.1
GOUB13802.g1	113_phocryp	27.72	202	142	3	686	93	59	259	1e-20	94.4
GOUB13802.g1	136_phocryp	30.95	210	141	4	686	69	62	268	4e-20	92.8
GOUB13802.g1	47_phocryp	31.50	200	131	7	686	105	60	248	1e-19	90.9
GOUB13802.g1	65_phocryp	29.85	201	141	0	686	84	59	259	2e-19	90.1
GOUB13802.g1	33_phocryp	28.92	204	142	3	686	84	56	253	3e-19	89.7
GOUB13802.g1	174_phocryp	32.23	211	137	4	686	72	82	287	5e-19	89.0
GOUB13802.g1	135_phocryp	31.55	206	139	4	686	75	70	272	1e-18	87.8
GOUB13802.g1	139_phocryp	28.43	204	145	2	683	75	60	262	3e-18	86.3
GOUB13802.g1	149_phocryp	26.79	209	152	2	680	57	62	269	4e-18	85.9
GOUB13802.g1	131_phocryp	29.61	206	144	2	686	72	59	263	1e-17	84.7
GOUB13802.g1	165_phocryp	28.23	209	142	4	686	84	60	263	1e-17	84.3
GOUB13802.g1	97_phocryp	30.20	202	138	5	668	72	60	251	2e-16	80.1
GOUB13802.g1	1_phocryp	27.27	209	151	2	686	63	55	262	2e-16	80.1
GOUB13802.g1	59_phocryp	25.87	201	145	3	683	93	66	265	4e-16	79.3
GOUB13802.g1	72_phocryp	30.05	203	135	4	659	72	62	251	7e-16	78.6
GOUB13802.g1	29_phocryp	29.17	192	130	5	629	72	83	266	9e-16	78.2
GOUB13802.g1	154_phocryp	28.63	234	166	4	770	72	31	257	2e-15	77.0
GOUB13802.g1	16_phocryp	27.64	199	139	3	686	105	91	284	6e-15	75.5
GOUB13802.g1	119_phocryp	26.90	197	138	5	683	111	70	261	8e-15	75.1
GOUB13802.g1	138_phocryp	25.82	213	143	5	683	90	61	262	1e-14	74.7
GOUB13802.g1	94_phocryp	29.91	214	141	5	671	57	65	265	1e-14	74.3
GOUB13802.g1	71_phocryp	29.56	203	132	5	659	84	72	268	1e-14	74.3
GOUB13802.g1	161_phocryp	28.99	207	141	4	686	84	75	278	4e-14	72.8
GOUB13802.g1	105_phocryp	25.13	199	142	3	659	84	70	265	1e-13	71.2
GOUB13802.g1	10_phocryp	26.50	200	139	5	659	84	70	265	1e-13	70.9
GOUB13802.g1	6_phocryp	30.62	209	134	6	683	90	59	258	1e-13	70.9
GOUB13802.g1	128_phocryp	28.50	214	148	5	683	57	88	298	3e-13	69.7
GOUB13802.g1	28_phocryp	28.57	210	145	5	686	72	64	267	3e-13	69.7
GOUB13802.g1	63_phocryp	26.32	209	149	6	686	75	73	275	7e-13	68.6
GOUB13802.g1	66_phocryp	27.14	210	147	3	683	72	64	272	1e-12	68.2
GOUB13802.g1	53_phocryp	26.49	185	136	3	659	105	64	238	1e-12	67.8
GOUB13802.g1	79_phocryp	28.04	189	128	5	635	93	71	249	3e-12	66.6
GOUB13802.g1	88_phocryp	24.49	196	146	4	671	90	71	260	3e-11	63.2
GOUB13802.g1	132_phocryp	25.27	182	136	3	656	111	65	233	4e-11	62.8
GOUB13802.g1	104_phocryp	25.00	196	143	3	686	111	60	242	4e-11	62.8
GOUB13802.g1	177_phocryp	27.50	160	116	2	587	108	98	252	5e-11	62.4
GOUB13802.g1	118_phocryp	25.76	198	142	5	650	72	69	263	5e-11	62.4
GOUB13802.g1	156_phocryp	29.14	175	120	5	581	69	104	268	1e-10	61.2
GOUB13802.g1	167_phocryp	22.54	213	155	2	683	75	56	264	2e-10	60.8
GOUB13802.g1	137_phocryp	26.01	223	147	7	683	69	63	278	2e-10	60.8
GOUB13802.g1	125_phocryp	25.67	187	138	3	629	72	87	270	2e-10	60.8
GOUB13802.g1	93_phocryp	24.67	227	154	4	686	57	75	287	2e-10	60.8
GOUB13802.g1	43_phocryp	26.92	182	132	3	629	87	84	260	2e-10	60.8
GOUB13802.g1	87_phocryp	25.00	200	147	7	683	93	61	233	4e-10	59.3
GOUB13802.g1	48_phocryp	27.47	182	128	4	623	90	86	257	6e-10	58.9
GOUB13802.g1	148_phocryp	26.92	182	129	4	623	90	86	257	8e-10	58.5
GOUB13802.g1	44_phocryp	26.95	167	116	4	581	99	93	249	1e-09	58.2
GOUB13802.g1	146_phocryp	27.61	163	115	5	587	108	98	252	1e-09	57.8
GOUB13802.g1	32_phocryp	23.81	210	150	6	671	72	82	283	1e-09	57.8
GOUB13802.g1	46_phocryp	28.83	163	114	4	590	108	106	261	2e-09	57.4
GOUB13802.g1	38_phocryp	25.12	203	139	5	659	90	72	258	2e-09	57.0
GOUB13802.g1	8_phocryp	27.06	218	148	7	683	63	67	277	2e-09	57.0
GOUB13802.g1	133_phocryp	26.42	212	149	6	686	72	68	274	3e-09	56.6
GOUB13802.g1	150_phocryp	25.84	178	132	3	587	54	98	270	8e-09	55.1
GOUB13802.g1	4_phocryp	25.26	194	138	4	656	96	78	266	8e-09	55.1
GOUB13802.g1	15_phocryp	23.61	216	155	3	674	57	164	378	1e-08	54.7
GOUB13802.g1	147_phocryp	27.81	169	103	4	539	90	122	289	1e-08	54.3
GOUB13802.g1	69_phocryp	24.83	149	112	1	539	93	112	252	3e-08	53.1
GOUB13802.g1	18_phocryp	21.56	269	196	7	860	99	6	247	4e-08	52.8
GOUB13802.g1	126_phocryp	23.59	195	120	5	608	111	114	307	7e-08	52.0
GOUB13802.g1	5_phocryp	26.32	152	109	2	539	93	111	262	9e-08	51.6
GOUB13802.g1	31_phocryp	26.00	150	111	2	539	90	118	259	2e-07	50.8
GOUB13802.g1	73_phocryp	28.09	178	115	5	581	87	100	258	3e-07	50.1
GOUB13802.g1	85_phocryp	25.55	137	100	4	458	54	144	271	1e-06	48.1
GOUB13802.g1	103_phocryp	24.12	199	149	4	683	93	59	251	1e-06	47.8
GOUB13802.g1	145_phocryp	26.70	206	130	7	644	90	62	258	9e-06	45.1
GOUB13802.g1	78_phocryp	25.29	170	125	4	575	72	102	261	1e-05	44.7
GOUB13802.g1	74_phocryp	23.59	195	142	5	641	78	207	394	1e-05	44.3
GOUB13802.g1	143_phocryp	25.11	219	154	7	683	57	60	252	2e-05	43.9
GOUB13802.g1	116_phocryp	20.42	191	150	5	674	108	61	227	2e-05	43.9
GOUB13802.g1	114_phocryp	51.16	43	21	1	194	66	258	298	3e-05	43.5
GOUB13802.g1	166_phocryp	27.92	197	142	6	659	69	65	235	3e-05	43.1
GOUB13802.g1	123_phocryp	32.99	97	63	3	353	69	168	259	6e-05	42.4
GOUB13802.g1	168_phocryp	22.77	202	151	3	683	93	68	268	7e-05	42.0
GOUB13802.g1	90_phocryp	32.84	67	45	0	263	63	229	295	2e-04	40.8
GOUB13802.g1	164_phocryp	27.45	102	71	4	671	375	63	161	2e-04	40.4
GOUB13802.g1	3_phocryp	23.92	209	138	8	659	96	95	297	4e-04	39.7
GOUB13802.g1	50_phocryp	24.32	185	138	6	653	105	65	235	6e-04	38.9
GOUB13802.g1	56_phocryp	38.18	55	34	0	248	84	220	274	8e-04	38.5
GOUB13802.g1	68_phocryp	24.39	205	151	7	659	57	76	264	0.001	38.1
GOUB13802.g1	127_phocryp	28.45	116	81	2	410	69	158	267	0.002	37.0
GOUB13802.g1	27_phocryp	36.54	52	33	0	248	93	231	282	0.003	36.6
GOUB13802.g1	151_phocryp	40.00	50	30	0	242	93	219	268	0.004	36.2
GOUB13802.g1	141_phocryp	23.42	158	112	3	524	78	209	364	0.004	36.2
GOUB13802.g1	62_phocryp	53.57	28	13	0	176	93	238	265	0.005	35.8
GOUB13802.g1	60_phocryp	24.07	216	151	7	683	75	76	281	0.005	35.8
GOUB13802.g1	34_phocryp	23.65	203	145	5	683	105	66	261	0.007	35.4
GOUB13802.g1	13_phocryp	22.54	142	104	4	512	105	108	237	0.009	35.0
GOUB1402.g1	75_phocryp	61.25	240	92	1	771	55	183	422	2e-86	 312
GOUB1402.g1	82_phocryp	58.10	253	104	2	789	37	183	432	3e-85	 308
GOUB1402.g1	122_phocryp	54.40	250	114	1	789	40	183	428	7e-83	 300
GOUB1402.g1	17_phocryp	55.73	253	109	1	789	40	177	429	3e-82	 298
GOUB1402.g1	86_phocryp	54.40	250	113	3	786	40	188	432	8e-82	 297
GOUB1402.g1	33_phocryp	53.36	253	115	4	789	40	175	425	6e-80	 291
GOUB1402.g1	135_phocryp	58.68	242	99	2	762	40	201	441	1e-79	 290
GOUB1402.g1	25_phocryp	54.89	235	105	2	756	55	206	439	5e-79	 288
GOUB1402.g1	7_phocryp	53.60	250	115	2	786	40	184	432	5e-79	 288
GOUB1402.g1	130_phocryp	52.78	252	117	3	789	40	187	436	4e-78	 285
GOUB1402.g1	142_phocryp	51.76	255	118	2	789	40	185	435	7e-78	 284
GOUB1402.g1	20_phocryp	54.51	255	110	3	786	40	146	396	4e-77	 281
GOUB1402.g1	1_phocryp	55.23	239	107	1	756	40	188	423	6e-77	 281
GOUB1402.g1	65_phocryp	53.17	252	115	2	786	40	182	433	3e-76	 278
GOUB1402.g1	113_phocryp	51.98	252	120	2	789	37	181	428	4e-76	 278
GOUB1402.g1	22_phocryp	56.12	237	101	2	756	55	229	465	9e-76	 277
GOUB1402.g1	174_phocryp	54.44	248	111	2	789	52	204	451	2e-75	 276
GOUB1402.g1	112_phocryp	51.45	241	115	2	756	40	189	428	2e-75	 276
GOUB1402.g1	83_phocryp	51.81	249	119	1	789	46	187	435	6e-75	 274
GOUB1402.g1	30_phocryp	56.07	239	101	3	756	52	214	451	7e-75	 274
GOUB1402.g1	136_phocryp	52.48	242	112	2	756	40	196	433	5e-74	 271
GOUB1402.g1	175_phocryp	50.79	254	122	3	789	37	210	460	1e-73	 270
GOUB1402.g1	23_phocryp	55.04	238	103	3	756	55	231	467	5e-73	 268
GOUB1402.g1	107_phocryp	50.63	239	117	1	753	40	202	440	3e-71	 262
GOUB1402.g1	9_phocryp	50.00	248	122	1	777	40	187	434	2e-70	 259
GOUB1402.g1	59_phocryp	50.00	246	117	2	756	37	201	437	1e-69	 256
GOUB1402.g1	76_phocryp	51.43	245	114	4	786	67	189	429	2e-69	 256
GOUB1402.g1	106_phocryp	47.79	249	129	4	789	46	177	417	3e-67	 248
GOUB1402.g1	14_phocryp	47.67	258	117	3	786	67	182	434	2e-66	 246
GOUB1402.g1	178_phocryp	49.34	227	115	1	720	40	210	432	2e-63	 236
GOUB1402.g1	167_phocryp	44.31	255	135	3	783	40	185	439	7e-62	 231
GOUB1402.g1	47_phocryp	44.67	244	128	5	756	46	189	425	7e-60	 224
GOUB1402.g1	32_phocryp	45.38	260	115	4	765	67	207	464	2e-59	 223
GOUB1402.g1	131_phocryp	47.79	226	115	3	720	52	204	424	1e-58	 220
GOUB1402.g1	44_phocryp	45.65	230	125	1	729	40	196	421	5e-57	 214
GOUB1402.g1	154_phocryp	45.90	244	128	7	774	55	181	416	9e-57	 214
GOUB1402.g1	79_phocryp	44.93	227	125	1	720	40	197	419	2e-56	 213
GOUB1402.g1	148_phocryp	46.67	225	119	1	717	46	205	429	1e-55	 210
GOUB1402.g1	105_phocryp	41.27	252	145	2	786	40	188	438	1e-55	 210
GOUB1402.g1	6_phocryp	45.87	242	122	3	738	40	200	435	5e-55	 208
GOUB1402.g1	161_phocryp	45.09	224	120	2	726	64	221	443	7e-55	 207
GOUB1402.g1	28_phocryp	46.70	227	121	3	720	40	209	429	7e-55	 207
GOUB1402.g1	69_phocryp	42.11	247	139	3	768	40	184	429	9e-55	 207
GOUB1402.g1	63_phocryp	41.06	246	138	3	768	52	197	442	1e-54	 207
GOUB1402.g1	147_phocryp	46.02	226	119	2	732	64	232	457	1e-54	 206
GOUB1402.g1	18_phocryp	51.23	203	98	2	672	67	212	405	2e-54	 206
GOUB1402.g1	10_phocryp	41.27	252	145	2	786	40	188	438	4e-54	 205
GOUB1402.g1	5_phocryp	43.59	234	129	2	732	40	206	439	4e-54	 205
GOUB1402.g1	48_phocryp	45.78	225	121	1	717	46	205	429	6e-54	 204
GOUB1402.g1	8_phocryp	41.81	232	134	1	732	40	211	442	7e-54	 204
GOUB1402.g1	165_phocryp	44.93	227	122	2	726	55	206	431	1e-53	 203
GOUB1402.g1	156_phocryp	41.22	245	144	1	774	40	190	430	1e-53	 203
GOUB1402.g1	146_phocryp	44.90	245	130	3	768	49	187	431	2e-53	 202
GOUB1402.g1	46_phocryp	45.61	228	121	2	720	46	214	441	3e-53	 202
GOUB1402.g1	177_phocryp	45.81	227	120	2	720	49	205	431	4e-53	 202
GOUB1402.g1	138_phocryp	43.26	215	118	1	672	40	225	439	4e-53	 202
GOUB1402.g1	94_phocryp	46.02	226	121	4	720	46	205	424	4e-53	 202
GOUB1402.g1	43_phocryp	44.10	229	124	2	720	46	206	431	8e-53	 201
GOUB1402.g1	173_phocryp	49.07	214	109	4	696	55	197	404	4e-52	 198
GOUB1402.g1	149_phocryp	43.69	222	123	2	726	67	203	422	5e-52	 198
GOUB1402.g1	118_phocryp	45.65	230	122	4	720	40	205	431	5e-52	 198
GOUB1402.g1	16_phocryp	45.37	227	124	3	720	40	237	457	5e-52	 198
GOUB1402.g1	139_phocryp	44.05	227	125	2	720	46	204	428	7e-52	 197
GOUB1402.g1	97_phocryp	44.98	229	122	3	732	58	189	412	9e-52	 197
GOUB1402.g1	78_phocryp	44.05	227	127	1	720	40	201	423	2e-51	 196
GOUB1402.g1	93_phocryp	43.64	236	126	4	726	40	221	450	2e-51	 196
GOUB1402.g1	53_phocryp	43.50	223	126	1	720	52	190	408	2e-51	 196
GOUB1402.g1	73_phocryp	45.00	220	120	1	696	40	212	431	3e-51	 196
GOUB1402.g1	132_phocryp	42.54	228	128	2	720	46	187	409	4e-51	 195
GOUB1402.g1	133_phocryp	43.04	230	128	3	720	40	216	442	2e-50	 193
GOUB1402.g1	72_phocryp	42.22	225	130	2	720	46	192	411	2e-50	 192
GOUB1402.g1	88_phocryp	47.39	211	108	2	678	55	221	422	3e-50	 192
GOUB1402.g1	38_phocryp	42.98	228	130	1	723	40	204	423	3e-50	 192
GOUB1402.g1	31_phocryp	44.59	222	120	2	702	46	212	433	4e-50	 192
GOUB1402.g1	150_phocryp	44.16	231	125	3	720	40	205	434	5e-50	 191
GOUB1402.g1	119_phocryp	44.78	230	123	4	723	46	215	441	6e-50	 191
GOUB1402.g1	71_phocryp	43.04	230	128	2	720	40	214	442	8e-50	 191
GOUB1402.g1	4_phocryp	43.53	232	127	5	723	40	215	443	1e-49	 190
GOUB1402.g1	145_phocryp	42.62	237	131	3	741	46	197	430	3e-49	 189
GOUB1402.g1	125_phocryp	43.10	232	128	3	729	46	209	439	5e-49	 188
GOUB1402.g1	29_phocryp	42.13	235	132	3	729	37	205	438	1e-48	 187
GOUB1402.g1	87_phocryp	43.64	220	124	3	711	52	185	389	2e-48	 186
GOUB1402.g1	166_phocryp	43.84	219	123	2	723	67	177	390	8e-48	 184
GOUB1402.g1	66_phocryp	41.30	230	132	2	720	40	214	442	1e-47	 184
GOUB1402.g1	137_phocryp	38.62	246	150	3	789	55	197	436	2e-47	 183
GOUB1402.g1	128_phocryp	42.24	232	129	4	720	40	235	465	2e-47	 182
GOUB1402.g1	13_phocryp	43.36	226	127	4	714	40	192	410	2e-47	 182
GOUB1402.g1	3_phocryp	43.70	238	126	4	753	64	230	463	2e-47	 182
GOUB1402.g1	15_phocryp	41.33	225	129	2	720	55	314	538	1e-46	 180
GOUB1402.g1	104_phocryp	42.99	221	126	2	720	58	197	411	3e-46	 179
GOUB1402.g1	85_phocryp	37.70	244	146	5	759	46	192	431	7e-46	 177
GOUB1402.g1	21_phocryp	39.61	255	149	5	789	40	190	434	4e-45	 175
GOUB1402.g1	116_phocryp	44.22	199	111	2	651	55	203	389	1e-44	 173
GOUB1402.g1	50_phocryp	41.10	219	129	2	705	49	192	400	1e-43	 170
GOUB1402.g1	155_phocryp	38.86	229	135	2	711	40	188	414	3e-43	 169
GOUB1402.g1	126_phocryp	39.51	243	131	4	720	40	261	499	2e-42	 166
GOUB1402.g1	143_phocryp	38.67	225	138	3	729	55	193	407	2e-42	 166
GOUB1402.g1	157_phocryp	38.22	225	136	5	720	55	199	415	4e-42	 165
GOUB1402.g1	37_phocryp	37.80	246	144	4	756	46	272	512	1e-41	 164
GOUB1402.g1	172_phocryp	38.67	225	135	3	717	52	202	425	1e-41	 163
GOUB1402.g1	158_phocryp	37.72	228	139	5	720	46	199	418	4e-39	 155
GOUB1402.g1	103_phocryp	38.29	222	137	4	720	55	199	411	7e-39	 154
GOUB1402.g1	58_phocryp	38.26	230	139	3	732	52	209	437	2e-36	 146
GOUB1402.g1	159_phocryp	37.31	201	121	3	648	61	200	388	7e-36	 144
GOUB1402.g1	141_phocryp	35.43	254	156	5	783	46	291	538	2e-35	 143
GOUB1402.g1	74_phocryp	36.77	223	133	4	717	73	338	559	6e-35	 141
GOUB1402.g1	168_phocryp	35.02	237	144	5	732	52	209	437	6e-34	 138
GOUB1402.g1	164_phocryp	38.42	190	117	4	624	55	219	398	8e-32	 131
GOUB1402.g1	153_phocryp	31.09	238	157	6	729	37	226	461	1e-27	 117
GOUB1402.g1	98_phocryp	31.09	238	157	6	729	37	229	464	2e-27	 117
GOUB1402.g1	81_phocryp	31.09	238	157	6	729	37	229	464	2e-27	 117
GOUB1402.g1	45_phocryp	31.09	238	157	6	729	37	231	466	2e-27	 117
GOUB1402.g1	111_phocryp	31.09	238	157	6	729	37	229	464	2e-27	 116
GOUB1402.g1	67_phocryp	31.09	238	157	6	729	37	229	464	2e-27	 116
GOUB1402.g1	12_phocryp	30.96	239	158	6	735	40	209	444	2e-27	 116
GOUB1402.g1	24_phocryp	31.09	238	157	6	729	37	230	465	4e-27	 115
GOUB1402.g1	108_phocryp	30.25	238	159	6	729	37	206	441	8e-27	 114
GOUB1402.g1	123_phocryp	30.74	231	153	4	720	49	197	423	1e-26	 114
GOUB1402.g1	152_phocryp	30.25	238	159	6	729	37	209	444	2e-26	 113
GOUB1402.g1	129_phocryp	30.25	238	159	6	729	37	210	445	2e-26	 113
GOUB1402.g1	110_phocryp	32.49	197	130	4	618	37	268	462	2e-26	 113
GOUB1402.g1	96_phocryp	30.25	238	159	6	729	37	210	445	2e-26	 113
GOUB1402.g1	95_phocryp	30.25	238	159	6	729	37	209	444	2e-26	 113
GOUB1402.g1	54_phocryp	30.25	238	159	6	729	37	210	445	2e-26	 113
GOUB1402.g1	36_phocryp	30.25	238	159	6	729	37	210	445	2e-26	 113
GOUB1402.g1	102_phocryp	28.90	263	148	5	720	49	267	529	6e-26	 111
GOUB1402.g1	176_phocryp	29.88	241	159	6	729	37	210	449	8e-26	 111
GOUB1402.g1	42_phocryp	29.83	238	160	6	729	37	210	445	1e-25	 110
GOUB1402.g1	60_phocryp	35.35	215	135	5	720	88	220	431	2e-25	 109
GOUB1402.g1	70_phocryp	31.49	235	153	4	720	40	191	423	4e-25	 108
GOUB1402.g1	51_phocryp	33.19	229	147	7	720	52	198	419	5e-25	 108
GOUB1402.g1	84_phocryp	30.77	234	151	6	720	52	190	417	2e-24	 107
GOUB1402.g1	57_phocryp	26.97	267	163	7	741	37	282	547	2e-24	 107
GOUB1402.g1	55_phocryp	28.45	239	163	6	729	37	210	445	2e-24	 107
GOUB1402.g1	127_phocryp	30.64	235	155	4	720	40	205	437	2e-24	 106
GOUB1402.g1	35_phocryp	28.87	239	162	6	729	37	210	445	3e-24	 105
GOUB1402.g1	68_phocryp	30.00	240	155	5	720	40	198	432	5e-24	 105
GOUB1402.g1	100_phocryp	32.65	196	131	4	624	40	310	500	8e-24	 104
GOUB1402.g1	170_phocryp	29.82	228	140	5	663	40	366	591	1e-23	 103
GOUB1402.g1	120_phocryp	32.75	229	152	4	720	40	191	411	1e-23	 103
GOUB1402.g1	62_phocryp	34.18	196	128	4	624	40	245	435	2e-23	 103
GOUB1402.g1	52_phocryp	29.11	237	156	4	720	46	188	422	2e-23	 103
GOUB1402.g1	49_phocryp	32.28	158	106	2	507	37	251	407	7e-23	 101
GOUB1402.g1	124_phocryp	32.19	233	144	7	696	40	198	424	2e-22	 100
GOUB1402.g1	144_phocryp	30.08	236	151	5	720	55	236	467	9e-22	97.8
GOUB1402.g1	61_phocryp	28.69	237	159	5	720	40	191	424	2e-21	96.7
GOUB1402.g1	171_phocryp	28.81	236	160	5	720	37	194	424	4e-21	95.9
GOUB1402.g1	64_phocryp	31.79	195	132	4	624	43	336	525	2e-19	90.5
GOUB1402.g1	160_phocryp	31.19	218	147	5	696	52	220	426	2e-18	87.0
GOUB1402.g1	34_phocryp	28.76	233	163	4	789	100	188	419	8e-18	84.7
GOUB1402.g1	101_phocryp	31.70	224	151	6	720	55	207	404	2e-17	83.6
GOUB1402.g1	19_phocryp	27.31	238	166	6	729	37	210	443	5e-17	82.0
GOUB1402.g1	109_phocryp	35.14	111	71	2	417	88	319	428	2e-16	80.5
GOUB1402.g1	90_phocryp	32.96	179	106	6	741	247	225	390	5e-16	79.0
GOUB1402.g1	26_phocryp	34.38	96	62	2	321	37	370	464	2e-14	73.6
GOUB1402.g1	169_phocryp	25.20	250	165	9	723	40	489	730	1e-12	67.4
GOUB1402.g1	56_phocryp	29.24	171	108	4	768	295	210	365	3e-09	56.2
GOUB1402.g1	27_phocryp	28.03	157	100	3	726	295	228	376	5e-09	55.5
GOUB1402.g1	80_phocryp	33.33	66	44	1	234	37	244	308	4e-08	52.8
GOUB1402.g1	114_phocryp	25.86	174	105	3	720	271	239	412	8e-08	51.6
GOUB1402.g1	140_phocryp	27.68	177	113	4	771	286	206	375	1e-07	51.2
GOUB1402.g1	121_phocryp	26.44	174	112	6	768	295	212	367	1e-07	50.8
GOUB1402.g1	92_phocryp	29.94	167	108	5	744	271	207	366	2e-07	50.1
GOUB1402.g1	162_phocryp	27.65	170	111	5	720	247	225	383	1e-06	47.8
GOUB1402.g1	99_phocryp	27.12	177	110	6	744	271	226	396	2e-06	47.0
GOUB1402.g1	77_phocryp	26.49	185	101	8	720	271	244	424	3e-06	46.6
GOUB1402.g1	40_phocryp	30.57	157	95	5	723	295	225	378	3e-06	46.6
GOUB1402.g1	39_phocryp	30.52	154	95	7	720	295	224	370	3e-06	46.6
GOUB1402.g1	163_phocryp	26.92	156	107	5	717	271	222	372	6e-06	45.4
GOUB1402.g1	11_phocryp	25.27	186	108	5	735	271	235	414	1e-05	44.3
GOUB1402.g1	227_phocryp	24.74	194	137	6	729	175	230	406	2e-05	43.5
GOUB1402.g1	213_phocryp	22.38	143	108	3	630	211	262	396	2e-05	43.5
GOUB1402.g1	228_phocryp	24.18	182	130	6	732	211	220	393	3e-05	43.1
GOUB1402.g1	2_phocryp	25.33	150	104	4	720	295	200	346	3e-05	43.1
GOUB1402.g1	151_phocryp	42.86	49	28	0	720	574	216	264	6e-05	42.0
GOUB1402.g1	115_phocryp	46.00	50	27	0	723	574	215	264	6e-05	42.0
GOUB1402.g1	41_phocryp	43.40	53	29	1	738	583	311	363	6e-05	42.0
GOUB1402.g1	215_phocryp	24.52	155	112	6	624	175	264	401	8e-05	41.6
GOUB1402.g1	211_phocryp	26.84	190	129	6	750	211	221	399	2e-04	40.4
GOUB1402.g1	134_phocryp	25.66	152	97	6	693	286	247	384	2e-04	40.4
GOUB1402.g1	243090.RB9278	25.66	152	97	6	693	286	247	384	2e-04	40.4
GOUB1402.g1	91_phocryp	38.46	52	32	0	720	565	218	269	0.001	37.7
GOUB1402.g1	182_phocryp	25.34	146	104	4	504	82	194	325	0.002	37.4
GOUB1402.g1	209_phocryp	21.66	157	111	5	504	70	310	457	0.003	36.2
GOUB1402.g1	208_phocryp	26.79	168	117	6	696	211	234	390	0.003	36.2
GOUB1402.g1	221_phocryp	23.04	204	130	8	630	100	266	447	0.010	34.7
GOUB16014.g1	215_phocryp	29.61	152	102	3	339	779	168	312	5e-15	53.9
GOUB16014.g1	215_phocryp	50.00	34	17	0	263	364	143	176	5e-15	42.0
GOUB16014.g1	184_phocryp	32.50	80	54	1	445	684	209	287	7e-15	42.4
GOUB16014.g1	184_phocryp	47.37	38	20	2	672	785	283	317	7e-15	39.3
GOUB16014.g1	184_phocryp	44.83	29	16	0	278	364	153	181	7e-15	33.1
GOUB16014.g1	213_phocryp	28.50	200	142	3	67	663	78	274	7e-14	72.0
GOUB16014.g1	213_phocryp	27.43	175	125	3	339	857	168	338	2e-10	60.8
GOUB16014.g1	214_phocryp	26.58	158	107	5	339	785	170	318	2e-13	50.1
GOUB16014.g1	214_phocryp	45.71	35	19	0	260	364	144	178	2e-13	40.4
GOUB16014.g1	193_phocryp	26.28	156	108	5	339	785	171	317	6e-12	46.2
GOUB16014.g1	193_phocryp	48.57	35	18	0	254	358	143	177	6e-12	39.3
GOUB16014.g1	220_phocryp	33.33	78	52	1	424	657	251	327	6e-12	48.1
GOUB16014.g1	220_phocryp	40.54	37	22	0	254	364	193	229	6e-12	37.4
GOUB16014.g1	220_phocryp	25.30	166	106	5	342	785	222	369	2e-05	44.3
GOUB16014.g1	205_phocryp	35.62	73	47	1	445	663	210	281	6e-12	44.3
GOUB16014.g1	205_phocryp	47.50	40	21	1	239	358	143	181	6e-12	41.2
GOUB16014.g1	205_phocryp	30.53	95	64	2	507	785	230	321	0.001	38.1
GOUB16014.g1	212_phocryp	33.33	72	48	1	448	663	213	283	1e-11	43.9
GOUB16014.g1	212_phocryp	54.05	37	17	1	254	364	150	185	1e-11	40.8
GOUB16014.g1	212_phocryp	26.88	93	68	1	507	785	232	323	0.005	35.8
GOUB16014.g1	202_phocryp	57.14	35	15	1	254	358	140	173	6e-11	42.7
GOUB16014.g1	202_phocryp	32.10	81	54	2	424	663	194	272	6e-11	39.3
GOUB16014.g1	202_phocryp	25.26	95	69	2	507	785	221	312	0.001	37.7
GOUB16014.g1	230_phocryp	31.13	151	100	3	342	782	165	314	9e-11	61.6
GOUB16014.g1	230_phocryp	24.76	206	151	4	58	663	71	272	6e-08	52.4
GOUB16014.g1	200_phocryp	25.16	155	109	4	342	785	172	317	2e-10	42.7
GOUB16014.g1	200_phocryp	48.57	35	18	1	254	358	144	177	2e-10	37.7
GOUB16014.g1	217_phocryp	37.50	72	45	1	448	663	214	284	6e-10	41.6
GOUB16014.g1	217_phocryp	43.24	37	21	0	254	364	150	186	6e-10	37.0
GOUB16014.g1	217_phocryp	24.08	191	142	4	222	785	139	324	0.003	36.6
GOUB16014.g1	222_phocryp	27.37	190	136	4	222	785	128	312	1e-09	58.2
GOUB16014.g1	208_phocryp	25.85	147	109	3	342	782	167	307	3e-09	41.6
GOUB16014.g1	208_phocryp	45.16	31	17	1	272	364	145	174	3e-09	34.7
GOUB16014.g1	201_phocryp	22.35	170	110	6	342	785	172	325	3e-08	37.7
GOUB16014.g1	201_phocryp	34.78	46	30	1	221	358	133	177	3e-08	35.0
GOUB16014.g1	197_phocryp	33.70	92	61	1	507	782	239	329	9e-08	51.6
GOUB16014.g1	225_phocryp	26.94	193	136	6	222	785	127	311	4e-07	49.7
GOUB16014.g1	186_phocryp	25.62	203	136	6	222	785	131	315	4e-07	49.7
GOUB16014.g1	196_phocryp	26.28	156	107	6	342	785	174	325	5e-07	36.6
GOUB16014.g1	196_phocryp	48.28	29	15	1	278	364	154	181	5e-07	32.0
GOUB16014.g1	223_phocryp	33.80	71	47	1	445	657	208	277	5e-07	35.8
GOUB16014.g1	223_phocryp	32.50	40	27	0	245	364	140	179	5e-07	32.7
GOUB16014.g1	223_phocryp	24.76	105	67	2	507	785	228	319	0.004	36.2
GOUB16014.g1	191_phocryp	23.86	197	141	3	222	785	136	321	2e-06	47.4
GOUB16014.g1	191_phocryp	44.00	50	28	2	209	358	135	181	6e-05	42.4
GOUB16014.g1	181_phocryp	23.57	157	110	4	342	782	166	312	3e-06	33.9
GOUB16014.g1	181_phocryp	43.33	30	17	0	275	364	144	173	3e-06	32.0
GOUB16014.g1	206_phocryp	51.28	39	19	0	248	364	141	179	4e-06	46.2
GOUB16014.g1	206_phocryp	26.46	189	132	5	240	785	138	317	3e-05	43.1
GOUB16014.g1	211_phocryp	45.95	37	20	1	254	364	135	170	7e-06	33.9
GOUB16014.g1	211_phocryp	23.60	89	59	1	424	663	190	278	7e-06	30.8
GOUB16014.g1	211_phocryp	31.52	92	63	1	507	782	227	317	6e-05	42.4
GOUB16014.g1	219_phocryp	25.26	190	140	4	222	785	128	312	9e-06	45.1
GOUB16014.g1	198_phocryp	35.71	42	26	1	660	782	265	306	2e-05	36.6
GOUB16014.g1	198_phocryp	41.38	29	17	0	583	669	240	268	2e-05	26.6
GOUB16014.g1	221_phocryp	48.39	31	16	0	571	663	248	278	3e-05	31.2
GOUB16014.g1	221_phocryp	35.00	40	26	0	660	779	277	316	3e-05	31.2
GOUB16014.g1	194_phocryp	33.33	42	28	0	660	785	283	324	4e-05	33.1
GOUB16014.g1	194_phocryp	41.38	29	17	0	583	669	258	286	4e-05	28.9
GOUB16014.g1	228_phocryp	25.38	197	138	6	222	785	126	310	4e-05	42.7
GOUB16014.g1	190_phocryp	54.05	37	17	0	254	364	142	178	6e-05	42.4
GOUB16014.g1	190_phocryp	27.03	185	132	4	118	663	101	276	1e-04	41.6
GOUB16014.g1	190_phocryp	23.56	191	143	3	222	785	131	316	0.001	38.1
GOUB16014.g1	226_phocryp	37.50	40	25	0	660	779	265	304	7e-05	34.7
GOUB16014.g1	226_phocryp	36.67	30	19	0	571	660	236	265	7e-05	26.6
GOUB16014.g1	185_phocryp	28.42	95	66	2	507	785	225	316	7e-05	42.0
GOUB16014.g1	232_phocryp	26.37	91	67	1	513	785	264	353	1e-04	41.2
GOUB16014.g1	231_phocryp	41.67	48	28	1	221	364	135	181	1e-04	41.2
GOUB16014.g1	204_phocryp	38.36	73	43	3	146	358	108	177	1e-04	41.2
GOUB16014.g1	204_phocryp	25.39	193	133	5	240	785	138	317	0.002	37.0
GOUB16014.g1	195_phocryp	43.90	41	23	0	242	364	142	182	2e-04	40.8
GOUB16014.g1	195_phocryp	25.89	197	141	7	210	785	131	322	2e-04	40.4
GOUB16014.g1	189_phocryp	52.00	25	12	0	711	785	304	328	2e-04	33.1
GOUB16014.g1	189_phocryp	30.61	49	34	0	508	654	235	283	2e-04	26.6
GOUB16014.g1	189_phocryp	55.88	34	15	1	257	358	154	186	0.002	37.0
GOUB16014.g1	188_phocryp	37.50	40	25	0	660	779	256	295	3e-04	30.0
GOUB16014.g1	188_phocryp	40.74	27	16	0	583	663	231	257	3e-04	28.9
GOUB16014.g1	199_phocryp	30.43	92	62	3	513	782	237	326	4e-04	39.7
GOUB16014.g1	207_phocryp	34.78	46	30	0	221	358	139	184	6e-04	38.9
GOUB16014.g1	216_phocryp	62.07	29	11	1	278	364	153	180	8e-04	38.5
GOUB16014.g1	218_phocryp	25.74	101	65	3	513	785	229	323	0.001	38.1
GOUB16014.g1	209_phocryp	40.38	52	31	2	209	364	130	178	0.001	38.1
GOUB16014.g1	209_phocryp	23.81	105	68	2	507	785	227	318	0.001	37.7
GOUB16014.g1	192_phocryp	45.10	51	28	1	260	412	154	203	0.001	38.1
GOUB16014.g1	192_phocryp	25.00	152	104	4	360	785	186	327	0.002	37.4
GOUB16014.g1	179_phocryp	22.96	196	151	3	198	785	125	317	0.001	38.1
GOUB16014.g1	187_phocryp	21.98	91	71	1	513	785	282	371	0.002	37.0
GOUB16014.g1	227_phocryp	28.42	95	66	2	507	785	228	319	0.003	36.6
GOUB16014.g1	227_phocryp	41.03	39	23	1	254	370	146	183	0.004	36.2
GOUB16014.g1	203_phocryp	40.74	27	16	0	583	663	252	278	0.006	28.5
GOUB16014.g1	203_phocryp	25.64	39	29	0	660	776	277	315	0.006	25.8
GOUB16014.g1	183_phocryp	40.38	52	31	2	209	364	130	178	0.007	35.4
