## archaea
160232 160232 225 245 250 DPANN-group
54255 399549 150 215 200 TACK-group
190192 410358 45 160 95 Euryarchaeota

## bacteria
38322 227600 224 236 244 Thermotogae
224324 224324 150 150 150 #
351627 185693 191 211 230 Firmicutes
216389 216389 150 150 150 #
251221 630634 181 211 230 Cyanobacteria
271 309886 158 188 218 Deinococcus
42256 282685 140 150 198 Actinobacteria
406984 406984 150 150 150 #
81028 149613 140 107 177 Spirochaetes
347257 81460 136 65 157 Tenericutes
305088 305088 150 150 150 # Acidobacteria
315457 377431 129 15 124 Chlorobi
146919 85831 90 10 95 Bacteroidetes
959 29546 254 229 217 Deltaproteobacteria
387092 374106 252 174 145 Epsilonproteobacteria
156889 174439 251 106 74 Alphaproteobacteria
349124 92828 222 45 38 Gammaproteobacteria
54272 596320 165 15 21 Betaproteobacteria
414 29488 222 45 38 # Gammaproteobacteria

