
## archaea
228908 228908 225 255 225 #
178306 399550 195 210 195 #
263820 259564 225 255 225 #

## eukaryotes
184922 184922 255 225 225 #
5671 5691 210 195 195 #
5833 5833 255 225 225 #
3702 3702 210 195 195 #
44689 44689 255 225 225 #
5207 33169 210 195 195 #
6239 9606 255 225 225 #

## bacteria
351627 278197 220 220 255 #
264201 272561 190 190 210 #
194439 319225 220 220 255 #
309807 435591 190 190 210 #
243090 243090 220 220 255 #
189518 243276 190 190 210 #
266117 443906 220 220 255 #
190304 190304 190 190 210 #
224324 224324 220 220 255 #
243274 391009 190 190 210 #
243230 262724 220 220 255 #
243164 383372 190 190 210 #
251221 240292 220 220 255 #
204669 234267 190 190 210 #
177439 338963 220 220 255 #
85962 367737 190 190 210 #
156889 156889 220 220 255 #
335992 347834 190 190 210 #
292415 381666 220 220 255 #
246195 198214 190 190 210 #
